1 1 76.4 0.92
1 2 77.7 0.93
1 3 77.7 0.93
1 4 77.7 0.93
1 5 77.7 0.93
1 6 77.7 0.93
1 7 77.7 0.93
1 8 77.7 0.93
1 9 77.7 0.93
1 10 77.7 0.93
1 11 77.7 0.93
1 12 77.7 0.93
1 13 79.7 0.93
1 14 77.7 0.93
1 15 77.7 0.93
1 16 77.7 0.93
1 17 77.7 0.93
1 18 77.7 0.93
1 19 77.7 0.93
1 20 77.7 0.93
1 21 77.7 0.93
1 22 78.7 0.93
1 23 77.7 0.93
1 24 77.7 0.93
2 1 76.4 0.92
2 2 77.7 0.93
2 3 77.7 0.93
2 4 74.7 0.93
2 5 77.7 0.93
2 6 77.7 0.93
2 7 72.7 0.93
2 8 77.7 0.93
2 9 77.7 0.93
2 10 77.7 0.93
2 11 77.7 0.93
2 12 77.7 0.93
2 13 77.7 0.93
2 14 77.7 0.93
2 15 77.7 0.93
2 16 77.7 0.93
2 17 77.7 0.93
2 18 77.7 0.93
2 19 77.7 0.93
2 20 77.7 0.93
2 21 77.7 0.93
2 22 77.7 0.93
2 23 77.7 0.93
2 24 77.7 0.93
3 1 76.4 0.92
3 2 77.7 0.93
3 3 77.7 0.93
3 4 77.7 0.93
3 5 77.7 0.93
3 6 77.7 0.93
3 7 77.7 0.93
3 8 77.7 0.93
3 9 77.7 0.93
3 10 77.7 0.93
3 11 77.7 0.93
3 12 77.7 0.93
3 13 77.7 0.93
3 14 77.7 0.93
3 15 77.7 0.93
3 16 77.7 0.93
3 17 77.7 0.93
3 18 77.7 0.93
3 19 77.7 0.93
3 20 77.7 0.93
3 21 77.7 0.93
3 22 77.7 0.93
3 23 77.7 0.93
3 24 77.7 0.93
4 1 76.4 0.92
4 2 77.7 0.93
4 3 77.7 0.93
4 4 77.7 0.93
4 5 77.7 0.93
4 6 77.7 0.93
4 7 77.7 0.93
4 8 77.7 0.93
4 9 77.7 0.93
4 10 77.7 0.93
4 11 77.7 0.93
4 12 77.7 0.93
4 13 77.7 0.93
4 14 77.7 0.93
4 15 77.7 0.93
4 16 77.7 0.93
4 17 77.7 0.93
4 18 77.7 0.93
4 19 77.7 0.93
4 20 77.7 0.93
4 21 77.7 0.93
4 22 77.7 0.93
4 23 77.7 0.93
4 24 77.7 0.93
5 1 76.4 0.92
5 2 77.7 0.93
5 3 77.7 0.93
5 4 77.7 0.93
5 5 77.7 0.93
5 6 77.7 0.93
5 7 77.7 0.93
5 8 77.7 0.93
5 9 77.7 0.93
5 10 77.7 0.93
5 11 77.7 0.93
5 12 77.7 0.93
5 13 77.7 0.93
5 14 77.7 0.93
5 15 77.7 0.93
5 16 77.7 0.93
5 17 77.7 0.93
5 18 77.7 0.93
5 19 77.7 0.93
5 20 77.7 0.93
5 21 77.7 0.93
5 22 77.7 0.93
5 23 77.7 0.93
5 24 77.7 0.93
6 1 76.4 0.92
6 2 77.7 0.93
6 3 77.7 0.93
6 4 77.7 0.93
6 5 77.7 0.93
6 6 77.7 0.93
6 7 77.7 0.93
6 8 77.7 0.93
6 9 77.7 0.93
6 10 77.7 0.93
6 11 77.7 0.93
6 12 77.7 0.93
6 13 77.7 0.93
6 14 77.7 0.93
6 15 77.7 0.93
6 16 77.7 0.93
6 17 77.7 0.93
6 18 77.7 0.93
6 19 77.7 0.93
6 20 77.7 0.93
6 21 77.7 0.93
6 22 77.7 0.93
6 23 77.7 0.93
6 24 77.7 0.93
7 1 76.4 0.92
7 2 77.7 0.93
7 3 77.7 0.93
7 4 77.7 0.93
7 5 77.7 0.93
7 6 77.7 0.93
7 7 77.7 0.93
7 8 77.7 0.93
7 9 77.7 0.93
7 10 77.7 0.93
7 11 77.7 0.93
7 12 77.7 0.93
7 13 77.7 0.93
7 14 77.7 0.93
7 15 77.7 0.93
7 16 77.7 0.93
7 17 77.7 0.93
7 18 77.7 0.93
7 19 77.7 0.93
7 20 77.7 0.93
7 21 77.7 0.93
7 22 77.7 0.93
7 23 77.7 0.93
7 24 77.7 0.93
8 1 76.4 0.92
8 2 77.7 0.93
8 3 77.7 0.93
8 4 77.7 0.93
8 5 77.7 0.93
8 6 78.7 0.93
8 7 77.7 0.93
8 8 77.7 0.93
8 9 77.7 0.93
8 10 77.7 0.93
8 11 77.7 0.93
8 12 77.7 0.93
8 13 77.7 0.93
8 14 77.7 0.93
8 15 77.7 0.93
8 16 77.7 0.93
8 17 77.7 0.93
8 18 77.7 0.93
8 19 77.7 0.93
8 20 77.7 0.93
8 21 77.7 0.93
8 22 77.7 0.93
8 23 77.7 0.93
8 24 77.7 0.93
9 1 76.4 0.92
9 2 77.7 0.93
9 3 77.7 0.93
9 4 77.7 0.93
9 5 77.7 0.93
9 6 77.7 0.93
9 7 77.7 0.93
9 8 77.7 0.93
9 9 77.7 0.93
9 10 77.7 0.93
9 11 77.7 0.93
9 12 77.7 0.93
9 13 77.7 0.93
9 14 77.7 0.93
9 15 77.7 0.93
9 16 77.7 0.93
9 17 77.7 0.93
9 18 77.7 0.93
9 19 77.7 0.93
9 20 77.7 0.93
9 21 77.7 0.93
9 22 77.7 0.93
9 23 77.7 0.93
9 24 77.7 0.93
10 1 76.4 0.92
10 2 77.7 0.93
10 3 77.7 0.93
10 4 77.7 0.93
10 5 77.7 0.93
10 6 77.7 0.93
10 7 77.7 0.93
10 8 77.7 0.93
10 9 77.7 0.93
10 10 77.7 0.93
10 11 77.7 0.93
10 12 77.7 0.93
10 13 77.7 0.93
10 14 77.7 0.93
10 15 77.7 0.93
10 16 77.7 0.93
10 17 77.7 0.93
10 18 77.7 0.93
10 19 77.7 0.93
10 20 77.7 0.93
10 21 77.7 0.93
10 22 77.7 0.93
10 23 97.7 0.71
10 24 98.7 0.74